100
wx =  6.936863392903361
ewx = 3.9584781359076926
wy =  0.8185949363143572
ewy = 0.004671563500758673
