25
wx =  0.21607695248611558
ewx = 0.009069955391891078
wy =  0.11734023745150302
ewy = 0.0004845081654565486
