30
wx =  0.11004340169593041
ewx = 0.0032642349979684748
wy =  0.068166396594699
ewy = 0.0006170855354779493
