300
wx =  1.3009019116357665
ewx = 0.005990312975786623
wy =  1.3095632575041174
ewy = 0.006033244021701324
