35
wx =  0.01169668960348269
ewx = 0.00013163210546129778
wy =  0.016091284280802098
ewy = 4.426269709742333e-05
