40
wx =  0.11696681608071587
ewx = 0.0044465682561845
wy =  0.05389790533336
ewy = 0.00037030261711279644
