50
wx =  0.5257909096309054
ewx = 0.048729942578956416
wy =  0.16116382588626957
ewy = 0.0013850073951998153
