60
wx =  0.5873347188218421
ewx = 0.007804499943012884
wy =  0.31023517155126806
ewy = 0.0013960545865542202
