70
wx =  0.8461282727619895
ewx = 0.012599105135046827
wy =  0.45114376671496714
ewy = 0.0017634648935737083
