80
wx =  1.278266872770649
ewx = 0.034461599735465344
wy =  0.5747914278619151
ewy = 0.0026519498153135235
